1 146.08 164 143.41 0
2 111.49 170 109.82 0
3 135.51 167 133.34 0
4 94.83 179 94.66 0
5 103.77 167 101.6 0
6 118.97 120 108.97 0
7 135.85 161 132.68 0
8 157.32 144 151.32 0
9 133.03 162 130.03 0
10 155.05 169 153.22 0
11 125.79 166 123.46 0
12 128.57 177 128.07 0
13 126.99 158 123.32 0
14 78.54 134 70.87 0
15 136.67 162 133.67 0
16 119.44 167 117.27 0
17 113.61 173 112.44 0
18 82.17 147 76.67 0
19 152.74 157 148.91 0
20 83.95 142 77.62 0
21 131.05 183 131.55 0
22 128.78 165 126.28 0
23 121.29 172 119.96 0
24 127.64 166 125.31 0
25 171.43 156 167.43 0
26 99.84 168 97.84 0
27 166.29 169 164.46 0
28 112.81 127 103.98 0
29 154.7 177 154.2 0
30 178.14 141 171.64 0
31 96.43 129 87.93 0
32 111.36 184 112.03 0
33 116.11 167 113.94 0
34 176.91 157 173.08 0
35 92.42 180 92.42 0
36 123.78 164 121.11 0
37 121.08 169 119.25 0
38 140.92 156 136.92 0
39 96.24 172 94.91 0
40 153.72 156 149.72 0
41 134.13 161 130.96 0
42 136.15 153 131.65 0
43 102.92 181 103.09 0
44 96.02 172 94.69 0
45 142.25 167 140.08 0
46 133.57 161 130.4 0
47 99.08 168 97.08 0
48 184.92 140 178.25 0
49 156.92 161 153.75 0
50 180.69 143 174.52 0
51 146.45 180 146.45 0
52 106.83 172 105.5 0
53 126.75 152 122.08 0
54 104.97 180 104.97 0
55 82.07 177 81.57 0
56 164.25 161 161.08 0
57 128.62 163 125.79 0
58 132.32 157 128.49 0
59 128.26 169 126.43 0
60 144.53 159 141.03 0
61 108.95 158 105.28 0
62 108.8 169 106.97 0
63 172.97 159 169.47 0
64 141.3 176 140.63 0
65 114.82 162 111.82 0
66 106.39 173 105.22 0
67 94.82 137 87.65 0
68 90.95 143 84.78 0
69 128.51 169 126.68 0
70 135.26 154 130.93 0
71 174.54 124 165.21 0
72 153.28 147 147.78 0
73 113.13 119 102.96 0
74 138.89 150 133.89 0
75 81.55 152 76.88 0
76 122.49 165 119.99 0
77 128.16 168 126.16 0
78 142.18 154 137.85 0
79 99.61 158 95.94 0
80 151.34 164 148.67 0
81 122.27 162 119.27 0
82 88.6 152 83.93 0
83 97.6 139 90.77 0
84 126.87 132 118.87 0
85 123.49 173 122.32 0
86 102.47 183 102.97 0
87 175.3 137 168.13 0
88 155.21 157 151.38 0
89 172.71 131 164.54 0
90 106.05 146 100.38 0
91 179.13 141 172.63 0
92 147.95 145 142.12 0
93 113.8 120 103.8 0
94 123.54 159 120.04 0
95 161.55 140 154.88 0
96 173.08 155 168.91 0
97 183.98 141 177.48 0
98 192.55 126 183.55 0
99 152.7 161 149.53 0
100 140.04 147 134.54 0
101 148.56 169 146.73 0
102 125.33 174 124.33 0
103 151.53 159 148.03 0
104 133.57 165 131.07 0
105 158.71 137 151.54 0
106 152.58 148 147.25 0
107 170.25 136 162.92 0
108 90.3 135 82.8 0
109 98.39 108 86.39 0
110 105.57 158 101.9 0
111 161.98 147 156.48 0
112 99.93 172 98.6 0
113 132.35 151 127.52 0
114 145.81 150 140.81 0
115 177.21 157 173.38 0
116 169.55 153 165.05 0
117 107.26 154 102.93 0
118 72.17 141 65.67 0
119 106.8 124 97.47 0
120 183.23 143 177.06 0
121 93.69 175 92.86 0
122 161.58 145 155.75 0
123 116.24 178 115.91 0
124 123.03 159 119.53 0
125 173.31 154 168.98 0
126 177.1 128 168.43 0
127 159.99 126 150.99 0
128 158.01 145 152.18 0
129 92.47 151 87.64 0
130 104.41 169 102.58 0
131 87.99 132 79.99 0
132 132.42 179 132.25 0
133 169.46 134 161.79 0
134 162.33 146 156.66 0
135 137.32 128 128.65 0
136 158.56 129 150.06 0
137 198.63 120 188.63 0
138 124.88 176 124.21 0
139 135.47 109 123.64 0
140 102.62 99 89.12 0
141 138.94 149 133.77 0
142 129.07 157 125.24 0
143 158.71 145 152.88 0
144 84.85 150 79.85 0
145 110.18 132 102.18 0
146 125.15 177 124.65 0
147 159.12 126 150.12 0
148 206.93 125 197.76 0
149 163.51 125 154.34 0
150 130.24 153 125.74 0
151 77.94 144 71.94 0
152 168.16 147 162.66 0
153 88.58 140 81.91 0
154 172.51 158 168.84 0
155 113.57 91 98.74 0
156 192.65 130 184.32 0
157 98.92 139 92.09 0
158 152.15 154 147.82 0
159 152.47 137 145.3 0
160 167.93 147 162.43 0
161 115.36 122 105.69 0
162 91.85 160 88.52 0
163 176.5 140 169.83 0
164 135.55 168 133.55 0
165 155.05 146 149.38 0
166 162.48 148 157.15 0
167 199.38 129 190.88 0
168 158.41 124 149.08 0
169 144.43 163 141.6 0
170 150.93 172 149.6 0
171 131.41 133 123.58 0
172 202.41 103 189.58 0
173 149.63 140 142.96 0
174 148.97 144 142.97 0
175 128.72 163 125.89 0
176 132.03 156 128.03 0
177 120.35 137 113.18 0
178 180.33 138 173.33 0
179 154.1 122 144.43 0
180 142.21 146 136.54 0
181 152.86 143 146.69 0
182 205.97 112 194.64 0
183 169.79 166 167.46 0
184 208.4 130 200.07 0
185 88.74 137 81.57 0
186 104.78 113 93.61 0
187 162.74 140 156.07 0
188 135.31 122 125.64 0
189 133.93 167 131.76 0
190 169.92 137 162.75 0
191 141.61 140 134.94 0
192 135.68 173 134.51 0
193 225.72 77 208.55 0
194 157.53 138 150.53 0
195 135.98 168 133.98 0
196 155.44 159 151.94 0
197 162.08 136 154.75 0
198 145.11 138 138.11 0
199 118.95 175 118.12 0
200 117.9 153 113.4 0
201 182.79 89 167.62 0
202 137.41 164 134.74 0
203 179.52 109 167.69 0
204 145.81 164 143.14 0
205 200.4 129 191.9 0
206 138.43 169 136.6 0
207 158.92 146 153.25 0
208 168.52 116 157.85 0
209 208.52 130 200.19 0
210 171.88 129 163.38 0
211 78.29 146 72.62 0
212 139.94 145 134.11 0
213 207.17 131 199.0 0
214 241.24 98 227.57 0
215 176.18 115 165.35 0
216 141.57 162 138.57 0
217 166.28 123 156.78 0
218 177.12 144 171.12 0
219 154.45 141 147.95 0
220 109.58 165 107.08 0
221 153.09 140 146.42 0
222 185.95 138 178.95 0
223 181.4 114 170.4 0
224 190.19 119 180.02 0
225 173.12 140 166.45 0
226 165.23 137 158.06 0
227 119.96 137 112.79 0
228 221.35 109 209.52 0
229 95.78 133 87.95 0
230 114.42 154 110.09 0
231 263.57 88 248.24 0
232 179.98 138 172.98 0
233 145.03 145 139.2 0
234 128.87 66 109.87 0
235 196.14 119 185.97 0
236 111.41 158 107.74 0
237 111.6 187 112.77 0
238 104.63 132 96.63 0
239 171.36 139 164.53 0
240 229.07 137 221.9 0
241 129.2 165 126.7 0
242 126.24 162 123.24 0
243 182.56 119 172.39 0
244 182.75 135 175.25 0
245 147.35 109 135.52 0
246 167.39 145 161.56 0
247 163.0 136 155.67 0
248 147.16 158 143.49 0
249 130.09 129 121.59 0
250 171.23 134 163.56 0
251 196.46 136 189.13 0
252 104.12 112 92.79 0
253 166.03 157 162.2 0
254 144.39 148 139.06 0
255 222.31 138 215.31 0
256 267.86 119 257.69 0
257 215.09 121 205.26 0
258 176.66 135 169.16 0
259 153.41 164 150.74 0
260 151.83 139 145.0 0
261 152.73 150 147.73 0
262 172.42 128 163.75 0
263 183.99 133 176.16 0
264 252.27 113 241.1 0
265 128.9 159 125.4 0
266 185.78 147 180.28 0
267 178.16 156 174.16 0
268 189.28 129 180.78 0
269 168.16 121 158.33 0
270 147.41 134 139.74 0
271 143.03 157 139.2 0
272 183.78 112 172.45 0
273 186.22 143 180.05 0
274 211.28 128 202.61 0
275 230.97 111 219.47 0
276 155.84 139 149.01 0
277 223.22 116 212.55 0
278 145.74 140 139.07 0
279 134.12 136 126.79 0
280 178.48 145 172.65 0
281 211.77 116 201.1 0
282 84.12 129 75.62 0
283 107.94 118 97.61 0
284 151.46 104 138.79 0
285 176.67 150 171.67 0
286 160.93 155 156.76 0
287 266.84 107 254.67 0
288 249.42 130 241.09 0
289 155.37 144 149.37 0
290 130.65 90 115.65 0
291 198.12 147 192.62 0
292 181.85 169 180.02 0
293 242.64 145 236.81 0
294 195.17 135 187.67 0
295 198.72 120 188.72 0
296 120.84 133 113.01 0
297 131.43 138 124.43 0
298 150.99 168 148.99 0
299 167.16 170 165.49 0
300 228.86 148 223.53 0
301 271.18 102 258.18 0
302 167.19 119 157.02 0
303 175.05 143 168.88 0
304 106.75 143 100.58 0
305 168.17 155 164.0 0
306 133.7 172 132.37 0
307 123.12 169 121.29 0
308 207.64 149 202.47 0
309 182.28 134 174.61 0
310 74.66 148 69.33 0
311 203.15 146 197.48 0
312 76.67 144 70.67 0
313 263.66 114 252.66 0
314 171.41 140 164.74 0
315 143.41 141 136.91 0
316 191.17 128 182.5 0
317 161.15 177 160.65 0
318 174.98 149 169.81 0
319 109.26 175 108.43 0
320 203.03 153 198.53 0
321 124.83 110 113.16 0
322 87.08 127 78.25 0
323 139.59 155 135.42 0
324 151.37 162 148.37 0
325 117.17 148 111.84 0
326 222.71 116 212.04 0
327 152.01 159 148.51 0
328 318.12 99 304.62 0
329 189.11 132 181.11 0
330 158.29 133 150.46 0
331 224.91 132 216.91 0
332 96.73 106 84.4 0
333 106.91 151 102.08 0
334 198.78 122 189.11 0
335 102.34 180 102.34 0
336 113.05 157 109.22 0
337 248.88 112 237.55 0
338 166.27 134 158.6 0
339 212.44 128 203.77 0
340 174.65 155 170.48 0
341 167.62 127 158.79 0
342 138.76 157 134.93 0
343 107.5 117 97.0 0
344 164.73 135 157.23 0
345 202.03 138 195.03 0
346 196.68 108 184.68 0
347 101.35 139 94.52 0
348 141.09 146 135.42 0
349 209.82 132 201.82 0
350 110.78 165 108.28 0
351 232.83 113 221.66 0
352 191.66 148 186.33 0
353 142.37 131 134.2 0
354 148.79 148 143.46 0
355 215.46 138 208.46 0
356 166.19 161 163.02 0
357 200.6 129 192.1 0
358 269.04 76 251.71 0
359 265.8 112 254.47 0
360 245.97 117 235.47 0
361 225.08 145 219.25 0
362 109.44 115 98.61 0
363 168.62 92 153.95 0
364 150.2 135 142.7 0
365 239.79 116 229.12 0
366 107.24 120 97.24 0
367 178.54 154 174.21 0
368 173.06 157 169.23 0
369 123.61 122 113.94 0
370 137.68 100 124.35 0
371 150.73 147 145.23 0
372 130.98 148 125.65 0
373 164.84 145 159.01 0
374 147.55 121 137.72 0
375 178.56 155 174.39 0
376 115.2 163 112.37 0
377 207.82 149 202.65 0
378 146.67 162 143.67 0
379 180.77 140 174.1 0
380 199.68 129 191.18 0
381 166.56 151 161.73 0
382 124.85 123 115.35 0
383 218.32 100 204.99 0
384 292.04 104 279.37 0
385 268.14 135 260.64 0
386 165.68 141 159.18 0
387 245.53 101 232.36 0
388 182.9 130 174.57 0
389 156.19 153 151.69 0
390 199.42 137 192.25 0
391 217.53 155 213.36 0
392 183.46 104 170.79 0
393 180.25 144 174.25 0
394 156.94 144 150.94 0
395 112.44 131 104.27 0
396 198.68 149 193.51 0
397 184.24 123 174.74 0
398 146.62 98 132.95 0
399 151.58 130 143.25 0
400 152.74 93 138.24 0
401 253.72 106 241.39 0
402 129.7 145 123.87 0
403 250.28 115 239.45 0
404 161.01 158 157.34 0
405 128.25 176 127.58 0
406 119.26 149 114.09 0
407 252.18 127 243.35 0
408 247.91 116 237.24 0
409 179.21 138 172.21 0
410 87.49 190 89.16 0
411 208.28 152 203.61 0
412 83.06 136 75.73 0
413 194.44 144 188.44 0
414 199.31 156 195.31 0
415 214.51 132 206.51 0
416 141.64 106 129.31 0
417 95.55 179 95.38 0
418 156.87 145 151.04 0
419 134.66 102 121.66 0
420 173.82 151 168.99 0
421 175.62 148 170.29 0
422 131.17 157 127.34 0
423 155.17 163 152.34 0
424 226.97 132 218.97 0
425 92.26 119 82.09 0
426 261.52 99 248.02 0
427 125.36 177 124.86 0
428 170.03 146 164.36 0
429 164.9 153 160.4 0
430 168.16 159 164.66 0
431 180.58 129 172.08 0
432 208.57 138 201.57 0
433 174.76 136 167.43 0
434 127.16 163 124.33 0
435 144.83 137 137.66 0
436 158.05 139 151.22 0
437 97.27 155 93.1 0
438 206.71 138 199.71 0
439 242.18 141 235.68 0
440 187.72 137 180.55 0
441 214.42 112 203.09 0
442 132.36 157 128.53 0
443 100.02 124 90.69 0
444 157.49 147 151.99 0
445 185.8 153 181.3 0
446 268.55 126 259.55 0
447 239.95 126 230.95 0
448 214.18 103 201.35 0
449 95.88 141 89.38 0
450 103.11 158 99.44 0
451 168.48 158 164.81 0
452 235.84 146 230.17 0
453 194.32 115 183.49 0
454 230.92 125 221.75 0
455 176.16 137 168.99 0
456 170.49 174 169.49 0
457 197.12 170 195.45 0
458 191.5 157 187.67 0
459 114.21 183 114.71 0
460 211.43 132 203.43 0
461 120.83 167 118.66 0
462 140.13 104 127.46 0
463 160.73 138 153.73 0
464 107.81 174 106.81 0
465 111.61 162 108.61 0
466 148.33 147 142.83 0
467 205.38 137 198.21 0
468 191.33 156 187.33 0
469 190.99 146 185.32 0
470 145.26 154 140.93 0
471 228.51 124 219.18 0
472 138.6 145 132.77 0
473 242.84 121 233.01 0
474 216.52 111 205.02 0
475 264.39 98 250.72 0
476 172.97 169 171.14 0
477 141.15 156 137.15 0
478 134.43 184 135.1 0
479 209.48 129 200.98 0
480 125.9 183 126.4 0
481 169.85 153 165.35 0
482 212.74 146 207.07 0
483 128.38 168 126.38 0
484 184.99 139 178.16 0
485 198.1 164 195.43 0
486 144.13 160 140.8 0
487 110.28 184 110.95 0
488 182.35 151 177.52 0
489 184.61 148 179.28 0
490 131.68 140 125.01 0
491 240.12 118 229.79 0
492 183.37 143 177.2 0
493 154.13 143 147.96 0
494 224.97 138 217.97 0
495 203.27 135 195.77 0
496 114.58 115 103.75 0
497 224.96 147 219.46 0
498 152.02 158 148.35 0
499 131.76 128 123.09 0
500 146.08 138 139.08 0
501 140.88 129 132.38 0
502 156.87 154 152.54 0
503 211.34 145 205.51 0
504 204.98 134 197.31 0
505 191.79 128 183.12 0
506 183.99 158 180.32 0
507 90.37 154 86.04 0
508 109.35 147 103.85 0
509 118.2 170 116.53 0
510 128.1 144 122.1 0
511 138.4 173 137.23 0
512 117.21 145 111.38 0
513 118.9 162 115.9 0
514 204.87 167 202.7 0
515 153.1 160 149.77 0
516 160.99 154 156.66 0
517 209.15 146 203.48 0
518 196.98 127 188.15 0
519 213.01 156 209.01 0
520 133.62 177 133.12 0
521 175.16 161 171.99 0
522 150.05 162 147.05 0
523 188.48 145 182.65 0
524 88.49 138 81.49 0
525 217.23 147 211.73 0
526 134.86 138 127.86 0
527 186.35 139 179.52 0
528 183.27 144 177.27 0
529 249.33 144 243.33 0
530 192.02 155 187.85 0
531 144.67 133 136.84 0
532 220.53 150 215.53 0
533 197.21 146 191.54 0
534 125.94 113 114.77 0
535 259.47 148 254.14 0
536 236.95 153 232.45 0
537 163.36 119 153.19 0
538 173.49 124 164.16 0
539 151.93 150 146.93 0
540 172.74 165 170.24 0
541 153.06 167 150.89 0
542 271.31 145 265.48 0
543 178.08 172 176.75 0
544 182.29 147 176.79 0
545 228.12 140 221.45 0
546 273.2 154 268.87 0
547 201.22 146 195.55 0
548 161.93 143 155.76 0
549 218.92 124 209.59 0
550 191.77 158 188.1 0
551 175.52 156 171.52 0
552 210.2 148 204.87 0
553 187.93 145 182.1 0
554 151.34 126 142.34 0
555 147.84 129 139.34 0
556 176.36 168 174.36 0
557 188.94 164 186.27 0
558 94.86 141 88.36 0
559 185.47 156 181.47 0
560 220.5 144 214.5 0
561 228.28 131 220.11 0
562 354.64 135 347.14 0
563 139.44 123 129.94 0
564 227.16 157 223.33 0
565 268.13 137 260.96 0
566 215.44 116 204.77 0
567 227.67 148 222.34 0
568 162.79 130 154.46 0
569 114.07 177 113.57 0
570 129.93 146 124.26 0
571 186.39 160 183.06 0
572 277.11 133 269.28 0
573 126.17 175 125.34 0
574 172.71 140 166.04 0
575 133.3 109 121.47 0
576 248.81 136 241.48 0
577 148.39 167 146.22 0
578 285.51 122 275.84 0
579 134.41 167 132.24 0
580 200.55 128 191.88 0
581 158.19 155 154.02 0
582 176.52 175 175.69 0
583 166.55 143 160.38 0
584 129.23 187 130.4 0
585 136.54 130 128.21 0
586 166.05 129 157.55 0
587 144.39 173 143.22 0
588 212.28 162 209.28 0
589 173.66 156 169.66 0
590 260.94 117 250.44 0
591 225.67 162 222.67 0
592 139.21 166 136.88 0
593 175.22 156 171.22 0
594 116.59 156 112.59 0
595 151.74 113 140.57 0
596 159.48 171 157.98 0
597 212.68 153 208.18 0
598 231.03 130 222.7 0
599 209.53 151 204.7 0
600 181.08 154 176.75 0
601 185.27 159 181.77 0
602 125.54 178 125.21 0
603 115.75 126 106.75 0
604 175.21 148 169.88 0
605 151.36 171 149.86 0
606 187.83 140 181.16 0
607 125.76 147 120.26 0
608 146.53 109 134.7 0
609 240.86 140 234.19 0
610 197.52 154 193.19 0
611 194.58 138 187.58 0
612 160.48 162 157.48 0
613 106.16 121 96.33 0
614 192.85 126 183.85 0
615 133.65 133 125.82 0
616 267.08 120 257.08 0
617 269.08 157 265.25 0
618 313.6 93 299.1 0
619 152.85 148 147.52 0
620 215.66 137 208.49 0
621 250.86 132 242.86 0
622 321.28 115 310.45 0
623 295.0 141 288.5 0
624 283.66 132 275.66 0
625 109.06 131 100.89 0
626 150.57 152 145.9 0
627 237.12 117 226.62 0
628 221.53 133 213.7 0
629 142.52 157 138.69 0
630 173.9 145 168.07 0
631 276.18 146 270.51 0
632 252.12 156 248.12 0
633 327.98 111 316.48 0
634 177.7 104 165.03 0
635 235.07 113 223.9 0
636 253.13 127 244.3 0
637 263.98 129 255.48 0
638 111.37 131 103.2 0
639 261.61 117 251.11 0
640 332.6 105 320.1 0
641 224.6 146 218.93 0
642 219.71 138 212.71 0
643 185.36 112 174.03 0
644 361.9 126 352.9 0
645 133.25 157 129.42 0
646 155.48 148 150.15 0
647 224.7 147 219.2 0
648 251.6 127 242.77 0
649 168.42 154 164.09 0
650 179.77 117 169.27 0
651 173.76 150 168.76 0
652 157.96 128 149.29 0
653 226.12 130 217.79 0
654 374.5 91 359.67 0
655 166.33 138 159.33 0
656 157.69 148 152.36 0
657 142.84 156 138.84 0
658 193.57 133 185.74 0
659 154.75 117 144.25 0
660 218.79 104 206.12 0
661 274.22 128 265.55 0
662 296.12 159 292.62 0
663 221.26 132 213.26 0
664 253.44 132 245.44 0
665 182.07 140 175.4 0
666 140.3 111 128.8 0
667 289.85 110 278.18 0
668 98.67 121 88.84 0
669 228.46 154 224.13 0
670 166.51 145 160.68 0
671 129.05 174 128.05 0
672 267.34 125 258.17 0
673 145.73 157 141.9 0
674 171.03 154 166.7 0
675 373.99 103 361.16 0
676 244.45 124 235.12 0
677 168.0 146 162.33 0
678 160.72 146 155.05 0
679 191.82 162 188.82 0
680 264.16 133 256.33 0
681 168.92 130 160.59 0
682 127.23 115 116.4 0
683 259.65 144 253.65 0
684 241.13 150 236.13 0
685 390.81 117 379.31 0
686 200.09 145 194.26 0
687 234.2 127 225.37 0
688 299.95 121 290.12 0
690 202.84 132 194.84 0
691 229.28 150 119.85 0
692 246.87 129 125.88 0
693 191.78 152 98.28 0
694 198.64 146 107.32 0
695 173.36 112 126.5 0
696 401.48 97 206.59 0
697 214.79 170 119.61 0
698 229.16 156 124.1 0
699 193.03 142 140.15 0
700 210.02 85 100.81 0
701 341.93 95 177.26 0
702 306.73 143 217.2 0
703 149.09 149 75.23 0
704 312.02 119 164.71 0
705 168.02 146 95.56 0
706 319.38 122 173.25 0
707 234.22 134 173.98 0
708 100.23 152 51.17 0
709 225.19 154 120.13 0
710 183.19 122 92.02 0
711 315.73 98 213.76 0
712 281.03 119 154.73 0
713 338.61 80 166.23 0
714 146.25 132 74.24 0
715 201.3 150 152.17 0
716 376.14 116 199.06 0
717 241.68 120 124.11 0
718 244.27 90 133.38 0
719 321.12 149 223.26 0
720 281.98 122 159.22 0
721 350.27 112 226.03 0
722 202.58 96 98.29 0
723 134.04 115 65.71 0
724 181.59 150 95.79 0
725 166.82 138 84.28 0
726 269.68 139 146.66 0
727 275.41 154 200.48 0
728 168.78 113 85.75 0
729 290.5 77 140.91 0
730 347.54 114 224.54 0
731 249.34 146 129.89 0
732 307.43 122 168.29 0
733 174.26 100 85.0 0
734 164.99 157 85.27 0
735 249.97 154 171.9 0
736 235.54 136 119.08 0
737 212.78 158 111.33 0
738 357.39 110 228.02 0
739 150.67 168 77.5 0
740 134.06 122 65.72 0
741 217.78 165 155.76 0
742 233.13 153 150.12 0
743 322.55 112 166.28 0
744 152.76 152 119.89 0
745 261.59 119 134.68 0
746 202.6 124 113.38 0
747 125.88 157 65.01 0
748 133.91 102 65.22 0
749 275.67 132 187.3 0
750 307.16 153 175.09 0
751 120.37 146 61.22 0
752 160.89 162 89.06 0
753 164.98 157 85.06 0
754 218.38 161 128.17 0
755 177.03 146 92.85 0
756 145.58 169 117.77 0
757 198.05 153 108.41 0
758 309.51 111 167.13 0
759 147.8 153 74.75 0
760 171.59 130 86.55 0
761 141.04 114 109.31 0
762 280.02 143 154.8 0
763 322.91 100 173.09 0
764 179.11 161 93.84 0
765 262.75 127 175.74 0
766 335.51 119 184.11 0
767 287.75 106 142.2 0
768 293.46 122 190.24 0
769 176.0 98 86.56 0
770 113.47 148 59.7 0
771 219.96 159 118.91 0
772 271.77 129 140.22 0
773 126.65 113 62.72 0
774 290.69 119 189.72 0
775 138.81 95 67.2 0
776 220.27 124 119.22 0
777 243.48 127 128.73 0
778 334.97 146 228.76 0
779 105.8 143 54.47 0
780 260.28 133 144.29 0
781 205.3 147 109.94 0
782 227.15 134 158.2 0
783 308.0 117 159.6 0
784 276.2 105 142.3 0
785 185.61 158 98.62 0
786 222.16 141 155.46 0
787 170.77 143 95.11 0
788 265.73 109 131.17 0
789 357.5 95 177.34 0
790 142.09 100 69.72 0
791 180.29 148 135.4 0
792 254.99 142 140.58 0
793 202.41 105 99.35 0
794 215.28 122 108.6 0
795 282.9 140 190.47 0
796 225.97 134 117.66 0
797 166.05 149 84.28 0
798 271.42 114 137.46 0
799 304.83 121 196.53 0
800 157.92 172 99.33 0
801 130.35 125 65.72 0
802 150.18 154 81.54 0
803 166.01 167 95.57 0
804 356.14 105 224.69 0
805 150.55 128 75.51 0
806 168.88 142 87.58 0
807 283.98 111 152.27 0
808 274.68 114 195.45 0
809 229.39 142 127.29 0
810 116.81 116 56.44 0
811 200.68 139 105.38 0
812 155.4 161 80.55 0
813 267.77 139 182.55 0
814 172.15 140 92.3 0
815 211.1 124 119.68 0
816 262.23 125 137.71 0
817 278.74 129 138.94 0
818 205.56 146 145.85 0
819 216.49 146 115.87 0
820 205.23 138 110.16 0
821 108.82 115 54.47 0
822 223.1 107 110.64 0
823 309.91 122 208.7 0
824 193.47 159 100.13 0
825 181.24 159 114.67 0
826 133.33 174 72.47 0
827 381.41 78 247.73 0
828 405.23 101 236.55 0
829 237.85 137 124.21 0
830 387.65 100 246.42 0
831 286.69 100 144.27 0
832 332.21 114 169.38 0
833 194.95 121 135.64 0
834 298.22 135 179.13 0
835 171.55 144 89.6 0
836 176.11 176 98.62 0
837 193.15 159 147.39 0
838 266.25 117 139.22 0
839 160.41 114 78.51 0
840 161.77 137 80.48 0
841 208.4 169 121.16 0
842 185.64 155 146.61 0
843 213.23 119 103.6 0
844 274.47 134 152.22 0
845 333.32 106 174.39 0
846 157.55 169 137.05 0
847 185.89 170 103.61 0
848 563.4 65 293.68 0
849 139.13 137 109.39 0
850 275.8 135 149.78 0
851 209.4 162 137.7 0
852 346.41 103 178.31 0
853 295.94 120 190.46 0
854 141.9 102 67.25 0
855 386.84 128 216.64 0
856 335.7 100 208.91 0
857 130.54 146 64.72 0
858 136.4 95 66.74 0
859 224.15 138 118.34 0
860 405.4 76 210.19 0
861 188.08 83 131.08 0
862 249.5 124 132.92 0
863 359.37 129 202.13 0
864 202.85 152 145.13 0
865 216.93 121 107.61 0
866 275.34 113 149.26 0
867 341.53 101 179.26 0
868 241.19 118 161.54 0
869 279.65 145 149.46 0
870 255.13 139 137.73 0
871 168.81 106 81.78 0
872 573.23 53 340.43 0
873 222.56 150 116.37 0
874 284.52 116 142.2 0
875 256.02 154 174.26 0
876 296.04 97 148.99 0
877 140.12 98 66.74 0
878 262.5 152 140.45 0
879 399.18 84 243.05 0
880 175.91 151 90.55 0
881 220.23 160 116.63 0
882 246.51 155 138.21 0
883 311.06 100 201.5 0
884 265.56 106 131.69 0
885 300.69 96 155.27 0
886 137.96 132 69.23 0
887 359.11 83 222.47 0
888 178.21 151 97.83 0
889 320.63 100 165.75 0
890 306.83 152 200.82 0
891 302.07 131 161.52 0
892 340.15 133 192.86 0
893 238.72 144 161.42 0
894 284.81 142 175.02 0
895 172.48 122 86.27 0
896 191.4 116 94.07 0
897 326.4 135 232.33 0
898 328.78 94 164.52 0
899 289.15 125 152.26 0
900 230.42 128 114.62 0
901 429.08 91 263.97 0
902 322.54 106 173.34 0
903 443.74 54 261.94 0
904 350.71 115 192.09 0
905 249.62 166 136.96 0
906 398.69 52 236.72 0
907 243.9 134 120.89 0
908 133.59 118 67.21 0
909 348.75 81 173.28 0
910 396.81 84 240.17 0
911 351.35 121 182.56 0
912 200.86 151 104.6 0
913 373.88 72 237.45 0
914 142.5 146 74.0 0
915 293.64 146 159.72 0
916 510.09 47 307.84 0
917 531.82 36 284.86 0
918 306.52 113 205.48 0
919 208.06 137 104.85 0
920 465.92 63 255.28 0
921 339.34 76 208.88 0
922 192.65 135 95.57 0
923 149.17 121 74.25 0
924 411.49 66 200.11 0
925 459.06 73 285.47 0
926 197.22 148 107.61 0
927 338.13 105 207.15 0
928 301.07 129 213.25 0
929 374.15 56 203.61 0
930 324.89 124 175.05 0
931 387.25 84 239.13 0
932 156.37 113 78.28 0
933 188.5 190 108.36 0
934 358.42 113 246.21 0
935 151.66 112 73.25 0
936 210.93 129 105.34 0
937 341.04 133 184.03 0
938 360.77 77 219.32 0
939 307.95 111 156.26 0
940 271.82 117 134.19 0
941 270.25 132 185.14 0
942 168.6 125 84.8 0
943 338.65 115 173.56 0
944 299.55 113 155.73 0
945 427.75 82 261.66 0
946 216.71 66 101.36 0
947 575.45 0 326.12 7
948 596.05 0 282.62 10
949 448.71 54 276.14 0
950 444.05 68 228.51 0
951 227.01 56 106.34 0
952 312.85 137 214.71 0
953 236.1 132 120.4 0
954 246.33 124 126.18 0
955 402.47 85 207.63 0
956 307.92 106 193.68 0
957 174.82 168 103.63 0
958 278.47 106 139.24 0
959 500.58 59 312.07 0
960 205.07 136 107.34 0
961 241.9 122 120.66 0
962 245.65 118 143.22 0
963 239.77 130 159.57 0
964 370.65 74 193.86 0
965 353.37 66 171.81 0
966 278.9 114 190.16 0
967 367.36 89 197.12 0
968 397.93 85 202.93 0
969 237.59 136 160.99 0
970 179.52 90 87.84 0
971 255.56 130 132.19 0
972 318.12 105 166.03 0
973 249.9 121 167.94 0
974 352.33 96 182.1 0
975 367.6 70 181.11 0
976 149.79 149 116.52 0
977 343.46 96 188.13 0
978 400.21 61 201.73 0
979 316.86 48 202.04 0
980 166.67 166 88.26 0
981 366.21 98 187.29 0
982 195.4 58 92.79 0
983 335.7 83 167.25 0
984 402.84 94 253.86 0
985 476.91 50 233.44 0
986 380.16 76 244.24 0
987 355.18 89 201.83 0
988 346.88 73 169.25 0
989 323.25 115 207.93 0
990 255.28 122 128.63 0
991 223.89 166 120.35 0
992 179.05 173 103.87 0
993 284.1 101 184.44 0
994 322.48 96 161.5 0
995 337.7 82 176.76 0
996 285.63 143 202.74 0
997 361.64 87 184.77 0
998 282.91 93 144.68 0
999 238.05 140 166.63 0
1000 292.97 153 160.22 0
1001 199.58 172 107.58 0
1002 188.82 163 102.33 0
1003 331.79 80 205.54 0
1004 128.6 93 61.19 0
1005 265.88 129 142.19 0
1006 393.37 64 203.34 0
1007 289.94 121 202.84 0
1008 304.2 66 144.93 0
1009 388.06 105 212.1 0
1010 299.66 96 207.0 0
1011 431.6 68 212.59 0
1012 139.17 134 68.72 0
1013 335.09 114 217.98 0
1014 313.44 135 183.53 0
1015 154.13 150 80.74 0
1016 220.94 172 123.87 0
1017 190.2 159 137.07 0
1018 327.88 98 182.02 0
1019 470.0 0 228.18 3
1020 230.48 61 147.48 0
1021 329.33 107 186.96 0
1022 462.47 50 247.45 0
1023 303.76 139 202.94 0
1024 140.29 125 70.29 0
1025 298.44 132 169.68 0
1026 195.95 172 107.42 0
1027 197.09 151 146.32 0
1028 215.27 138 113.69 0
1029 371.11 96 201.53 0
1030 344.47 100 179.68 0
1031 352.97 109 242.92 0
1032 153.88 184 101.67 0
1033 297.57 114 167.41 0
1034 185.85 89 130.34 0
1035 190.91 112 94.12 0
1036 366.09 94 193.51 0
1037 286.32 124 160.34 0
1038 514.18 45 321.19 0
1039 172.7 172 98.64 0
1040 415.97 85 252.96 0
1041 458.8 55 234.56 0
1042 279.41 104 138.39 0
1043 204.4 164 148.08 0
1044 313.78 112 182.28 0
1045 260.5 49 122.85 0
1046 237.66 151 126.13 0
1047 312.76 96 200.59 0
1048 273.11 124 137.43 0
1049 309.26 113 180.49 0
1050 276.33 136 187.17 0
1051 343.8 82 173.75 0
1052 208.99 172 113.36 0
1053 181.14 112 89.52 0
1054 250.35 167 178.16 0
1055 208.99 170 112.31 0
1056 151.63 183 91.02 0
1057 199.35 171 111.84 0
1058 480.45 65 325.03 0
1059 158.44 115 76.75 0
1060 278.87 102 144.91 0
1061 381.45 96 264.47 0
1062 383.88 106 192.56 0
1063 135.37 182 93.33 0
1064 247.14 125 130.15 0
1065 334.84 106 221.27 0
1066 302.17 133 150.67 0
1067 336.86 94 174.24 0
1068 230.62 161 167.65 0
1069 441.25 81 238.25 0
1070 358.56 101 224.1 0
1071 140.02 121 69.25 0
1072 255.91 50 119.89 0
1073 199.45 163 104.57 0
1074 226.55 37 104.07 0
1075 393.33 71 250.0 0
1076 146.34 143 72.24 0
1077 362.03 69 191.84 0
1078 138.02 105 67.21 0
1079 344.14 86 210.3 0
1080 337.53 85 169.31 0
1081 287.23 46 134.44 0
1082 159.59 98 78.27 0
1083 321.31 93 206.34 0
1084 199.87 52 92.79 0
1085 337.4 56 167.52 0
1086 324.37 108 205.17 0
1087 218.11 144 114.36 0
1088 369.38 75 194.36 0
1089 284.18 86 144.71 0
1090 351.85 85 236.61 0
1091 265.71 98 147.2 0
1092 381.88 82 190.35 0
1093 224.51 125 155.95 0
1094 241.13 147 128.65 0
1095 278.2 115 141.96 0
1096 190.07 164 113.36 0
1097 362.76 110 242.12 0
1098 305.38 86 167.56 0
1099 278.99 108 137.69 0
1100 305.58 95 192.24 0
1101 258.1 72 130.14 0
1102 334.88 98 173.03 0
1103 237.07 106 166.77 0
1104 366.78 67 189.34 0
1105 289.64 93 153.2 0
1106 212.09 88 99.58 0
1107 260.63 105 170.99 0
1108 159.84 117 78.26 0
1109 237.71 146 128.68 0
1110 279.37 82 134.69 0
1111 362.82 72 224.12 0
1112 274.66 114 143.48 0
1113 220.77 137 112.13 0
1114 350.22 110 235.59 0
1115 546.56 0 259.6 8
1116 331.72 100 174.37 0
1117 312.19 103 196.67 0
1118 253.44 111 136.41 0
1119 267.36 97 130.16 0
1120 206.34 114 110.61 0
1121 438.29 19 268.78 0
1122 235.85 141 120.87 0
1123 288.82 94 143.2 0
1124 298.43 109 190.87 0
1125 265.96 113 142.21 0
1126 410.98 66 205.39 0
1127 258.93 116 195.22 0
1128 181.54 164 94.81 0
1129 284.86 137 175.29 0
1130 263.44 122 181.79 0
1131 357.66 50 181.65 0 
1132 213.33 25 98.61 0 
1133 258.43 134 139.01 0 
1134 133.08 117 65.5 0 
1135 235.6 120 168.94 0 
1136 198.7 148 101.47 0 
1137 167.72 126 83.07 0 
1138 338.58 105 169.34 0 
1139 227.64 150 159.7 0 
1140 212.35 109 104.13 0 
1141 265.75 96 144.75 0 
1142 174.01 152 94.31 0 
1143 105.29 145 53.7 0 
1144 178.31 152 101.61 0 
1145 327.86 85 219.8 0 
1146 125.12 116 61.82 0 
1147 207.29 163 122.69 0 
1148 293.76 95 152.55 0 
1149 259.5 120 182.33 0 
1150 240.91 128 128.21 0 
1151 326.31 84 166.44 0 
1152 283.87 111 147.23 0 
1153 183.03 155 93.6 0 
1154 207.94 141 176.68 0 
1155 264.32 115 131.19 0 
1156 181.44 148 94.15 0 
1157 402.18 45 216.53 0 
1158 362.04 56 223.08 0 
1159 124.74 182 65.24 0 
1160 128.53 99 61.72 0 
1161 280.6 80 144.9 0 
1162 252.99 155 188.0 0 
1163 258.92 121 140.73 0 
1164 213.31 138 108.15 0 
1165 294.28 100 147.78 0 
1166 221.31 124 169.22 0 
1167 236.35 121 120.68 0 
1168 335.99 119 170.11 0 
1169 252.66 100 124.2 0 
1170 114.75 181 111.93 0 
1171 280.12 86 140.26 0 
1172 366.47 52 178.14 0 
1173 175.09 164 98.38 0 
1174 226.39 140 167.98 0 
1175 115.98 99 56.22 0 
1176 274.31 102 136.97 0 
1177 258.91 97 125.69 0 
1178 362.39 70 229.36 0 
1179 176.06 156 89.07 0 
1180 165.48 147 85.33 0 
1181 302.08 85 156.79 0 
1182 135.07 161 77.28 0 
1183 227.0 105 156.02 0 
1184 140.23 129 70.27 0 
1185 330.35 79 164.59 0 
1186 256.18 129 135.26 0 
1187 255.21 74 124.94 0 
1188 136.17 174 132.54 0 
1189 153.22 114 74.78 0 
1190 376.43 31 185.88 0 
1191 201.97 129 106.88 0 
1192 359.42 60 229.43 0 
1193 339.4 102 206.45 0 
1194 177.31 148 92.6 0 
1195 281.76 97 198.41 0 
1196 122.84 126 61.25 0 
1197 172.06 83 83.82 0 
1198 282.58 128 145.27 0 
1199 361.16 83 226.45 0 
1200 245.58 130 128.73 0 
1201 125.5 137 64.0 0 
1202 364.22 98 189.63 0 
1203 170.57 148 88.81 0 
1204 305.45 126 198.56 0 
1205 194.74 151 101.59 0 
1206 365.62 70 182.37 0 
1207 238.68 136 165.58 0 
1208 232.55 94 112.9 0 
1209 235.89 136 118.18 0 
1210 194.57 117 96.61 0 
1211 160.67 140 84.31 0 
1212 284.1 72 185.17 0 
1213 319.89 119 183.38 0 
1214 112.04 145 56.7 0 
1215 155.39 160 84.82 0 
1216 371.95 76 236.09 0 
1217 98.81 122 49.69 0 
1218 259.82 92 130.7 0 
1219 285.28 80 140.01 0 
1220 197.65 148 99.6 0 
1221 232.9 119 170.63 0 
1222 269.82 93 133.23 0 
1223 299.18 104 159.8 0 
1224 220.76 140 113.67 0 
1225 186.42 127 140.78 0 
1226 229.14 135 119.69 0 
1227 155.69 174 83.8 0 
1228 282.04 100 143.49 0 
1229 161.19 147 81.31 0 
1230 188.59 155 156.22 0 
1231 139.96 103 67.95 0 
1232 241.17 141 123.45 0 
1233 178.52 132 89.55 0 
1234 173.34 133 87.07 0 
1235 299.03 105 208.07 0 
1236 266.48 91 138.72 0 
1237 367.41 60 196.2 0 
1238 108.32 148 55.22 0 
1239 380.28 63 245.68 0 
1240 208.69 149 121.69 0 
1241 229.63 134 123.97 0 
1242 327.79 90 211.91 0 
1243 289.26 102 145.77 0 
1244 121.19 96 58.72 0 
1245 277.11 101 140.24 0 
1246 238.22 117 164.41 0 
1247 194.16 163 110.63 0 
1248 301.38 88 147.77 0 
1249 184.67 167 100.86 0 
1250 136.43 157 70.26 0 
1251 123.39 92 60.69 0 
1252 200.73 144 160.83 0 
1253 264.48 109 140.02 0 
1254 189.11 148 97.35 0 
1255 329.77 69 221.86 0 
1256 163.64 107 80.04 0 
1257 326.14 94 170.08 0 
1258 368.28 53 183.38 0 
1259 315.51 103 203.26 0 
1260 404.24 84 201.95 0 
1261 184.83 97 87.29 0 
1262 238.17 104 119.64 0 
1263 277.34 92 185.16 0 
1264 192.68 131 97.86 0 
1265 142.92 128 72.28 0 
1266 125.33 130 62.49 0 
1267 288.55 130 155.79 0 
1268 229.55 132 168.18 0 
1269 271.7 107 133.73 0 
1270 246.35 116 129.98 0 
1271 117.68 176 64.71 0 
1272 329.1 103 225.86 0 
1273 360.62 82 188.67 0 
1274 316.87 89 157.83 0 
1275 169.1 165 135.44 0 
1276 178.22 153 93.86 0 
1277 305.78 116 169.36 0 
1278 238.97 109 134.22 0 
1279 131.91 116 64.75 0 
1280 296.58 69 200.05 0 
1281 284.12 114 155.27 0 
1282 306.19 127 150.51 0 
1283 185.54 94 136.73 0 
1284 319.35 113 182.12 0 
1285 307.13 103 158.54 0 
1286 226.33 141 116.68 0 
1287 435.9 44 264.27 0 
1288 175.42 87 84.54 0 
1289 104.94 156 54.46 0 
1290 332.22 60 159.83 0 
1291 278.76 114 194.91 0 
1292 274.83 129 139.72 0 
1293 379.53 22 187.14 0 
1294 563.67 23 340.62 0 
1295 370.6 37 182.32 0 
1296 262.84 108 183.72 0 
1297 175.15 98 86.03 0 
1298 281.53 112 143.51 0 
1299 283.85 104 145.03 0 
1300 89.77 133 46.18 0 
1301 208.88 127 152.39 0 
1302 402.7 61 235.04 0 
1303 116.85 126 60.23 0 
1304 361.58 37 178.33 0 
1305 168.34 149 135.87 0 
1306 338.98 63 171.86 0 
1307 287.68 111 146.75 0 
1308 227.18 105 167.5 0 
1309 292.02 99 149.76 0 
1310 211.03 180 129.95 0 
1311 385.09 68 211.23 0 
1312 235.86 97 162.81 0 
1313 135.44 110 65.49 0 
1314 300.62 93 148.04 0 
1315 287.57 119 150.27 0 
1316 283.74 117 204.71 0 
1317 200.95 138 106.15 0 
1318 293.54 87 144.77 0 
1319 232.51 111 117.91 0 
1320 285.27 127 189.23 0 
1321 320.53 50 158.05 0 
1322 207.64 54 98.1 0 
1323 335.5 101 170.06 0 
1324 244.2 130 170.16 0 
1325 206.39 112 105.88 0 
1326 270.39 102 143.1 0 
1327 221.69 145 121.17 0 
1328 335.46 97 220.49 0 
1329 478.09 41 234.52 0 
1330 371.8 74 190.65 0 
1331 279.62 107 182.71 0 
1332 154.47 171 84.82 0 
1333 262.68 118 147.01 0 
1334 202.35 98 97.84 0 
1335 430.07 50 263.88 0 
1336 340.33 93 176.84 0 
1337 237.78 122 119.91 0 
1338 222.76 100 160.5 0 
1339 239.49 143 125.68 0 
1340 276.88 105 142.25 0 
1341 148.81 115 73.01 0 
1342 262.34 123 184.35 0 
1343 379.95 56 191.4 0 
1344 213.56 128 109.38 0 
1345 260.2 123 141.74 0 
1346 393.39 63 240.42 0 
1347 192.34 146 103.11 0 
1348 254.95 115 136.23 0 
1349 221.04 103 150.13 0 
1350 308.42 87 160.04 0 
1351 102.69 151 54.22 0 
1352 537.4 0 259.65 1 
1353 224.11 138 163.94 0 
1354 218.11 133 115.4 0 
1355 225.81 37 103.13 0 
1356 250.32 142 133.21 0 
1357 157.7 98 117.79 0 
1358 109.58 88 53.7 0 
1359 255.03 118 149.26 0 
1360 290.57 122 154.0 0 
1361 308.9 98 211.85 0 
1362 306.15 82 149.03 0 
1363 429.43 60 221.95 0 
1364 293.37 107 200.8 0 
1365 273.81 124 136.24 0 
1366 195.63 90 94.32 0 
1367 205.8 157 108.62 0 
1368 252.87 50 120.69 0 
1369 176.61 140 130.57 0 
1370 210.25 147 109.15 0 
1371 202.18 130 100.13 0 
1372 237.88 15 108.68 0 
1373 348.24 114 184.2 0 
1374 265.77 138 184.77 0 
1375 189.14 150 114.17 0 
1376 359.64 86 196.29 0 
1377 307.89 93 166.37 0 
1378 262.03 118 188.03 0 
1379 218.85 114 111.68 0 
1380 242.22 117 131.75 0 
1381 342.58 96 186.72 0 
1382 363.71 88 178.9 0 
1383 227.92 135 117.68 0 
1384 240.9 135 177.75 0 
1385 305.27 90 151.3 0 
1386 242.98 114 128.56 0 
1387 338.9 74 220.02 0 
1388 290.58 90 146.3 0 
1389 394.99 83 221.07 0 
1390 239.37 111 185.21 0 
1391 346.87 85 171.34 0 
1392 239.43 132 124.95 0 
1393 206.29 69 96.87 0 
1394 184.88 152 153.71 0 
1395 325.67 108 178.9 0 
1396 278.71 92 152.58 0 
1397 283.17 106 140.24 0 
1398 400.56 75 270.09 0 
1399 179.02 59 83.57 0 
1400 306.29 93 158.57 0 
1401 208.86 139 152.85 0 
1402 210.69 148 118.2 0 
1403 206.32 135 102.4 0 
1404 285.87 111 153.57 0 
1405 219.93 148 170.96 0 
1406 298.63 126 164.1 0 
1407 140.6 108 69.25 0 
1408 394.09 85 196.98 0 
1409 315.56 85 211.73 0 
1410 137.56 89 67.26 0 
1411 310.97 99 158.85 0 
1412 290.59 116 152.3 0 
1413 372.8 84 245.48 0 
1414 162.27 94 78.29 0 
1415 362.11 98 183.95 0 
1416 436.19 31 272.8 0 
1417 361.27 72 192.43 0 
1418 134.51 109 65.24 0 
1419 175.99 166 111.41 0 
1420 316.63 105 229.82 0 
1421 165.19 98 79.27 0 
1422 175.07 104 85.25 0 
1423 325.15 113 169.35 0 
1424 266.54 115 210.45 0 
1425 154.82 128 77.77 0 
1426 281.25 99 143.56 0 
1427 385.23 67 256.32 0 
1428 253.91 108 137.0 0 
1429 216.66 69 101.63 0 
1430 374.99 72 281.11 0 
1431 252.54 143 140.71 0 
1432 201.12 87 101.41 0 
1433 345.51 95 177.67 0 
1434 426.04 80 277.81 0 
1435 298.46 121 171.91 0 
1436 218.43 156 117.17 0 
1437 374.18 80 246.39 0 
1438 257.12 121 139.26 0 
1439 194.12 156 100.14 0 
1440 428.17 67 264.42 0 
1441 216.91 139 118.72 0 
1442 373.91 109 211.29 0 
1443 205.25 87 99.59 0 
1444 457.68 35 267.33 0 
1445 349.33 96 195.44 0 
1446 415.31 35 249.73 0 
1447 283.41 55 132.48 0 
1448 317.14 101 163.08 0 
1449 395.5 67 240.7 0 
1450 293.24 127 151.08 0 
1451 315.97 116 172.37 0 
1452 385.05 116 268.17 0 
1453 320.83 132 182.93 0 
1454 279.39 129 143.77 0 
1455 171.0 164 152.64 0 
1456 203.74 66 95.59 0 
1457 415.66 44 229.84 0 
1458 366.04 105 257.12 0 
1459 516.67 11 259.88 0 
1460 273.3 105 145.27 0 
1461 206.09 161 151.98 0 
1462 289.24 127 149.76 0 
1463 468.83 67 268.02 0 
1464 327.97 130 223.4 0 
1465 453.74 0 227.31 3 
1466 516.58 50 333.55 0 
1467 444.4 53 228.57 0 
1468 229.06 129 121.19 0 
1469 491.39 79 324.6 0 
1470 222.34 152 125.72 0 
1471 454.96 56 279.0 0 
1472 303.15 108 152.01 0 
1473 438.93 80 230.81 0 
1474 499.02 10 292.9 0 
1475 274.46 124 158.76 0 
1476 223.77 72 107.42 0 
1477 499.05 32 298.21 0 
1478 155.04 169 91.08 0 
1479 310.15 119 182.63 0 
1480 338.16 116 255.03 0 
1481 140.81 87 69.48 0 
1482 413.9 63 221.56 0 
1483 262.38 140 188.7 0 
1484 488.5 39 240.34 0 
1485 327.2 119 171.89 0 
1486 303.09 122 205.54 0 
1487 299.61 148 178.09 0 
1488 402.76 103 266.41 0 
1489 409.23 83 215.79 0 
1490 299.29 145 179.4 0 
1491 271.67 118 192.86 0 
1492 336.42 108 181.16 0 
1493 188.16 121 92.59 0 
1494 229.43 80 111.21 0 
1495 321.62 135 239.39 0 
1496 414.39 79 217.01 0 
1497 292.96 116 155.56 0 
1498 451.0 37 265.17 0 
1499 258.46 142 133.2 0 
1500 248.15 143 132.71 0 
1501 356.44 88 237.59 0 
1502 293.12 138 152.07 0 
1503 424.11 89 294.14 0 
1504 298.15 112 167.59 0 
1505 345.72 102 184.95 0 
1506 532.53 59 335.8 0 
1507 441.1 65 228.48 0 
1508 441.53 102 325.98 0 
1509 347.7 111 199.19 0 
1510 407.86 64 252.0 0 
1511 265.73 134 143.43 0 
1512 455.15 66 233.78 0 
1513 247.7 138 183.79 0 
1514 585.36 0 310.65 1 
1515 463.51 64 295.16 0 
1516 383.96 98 200.72 0 
1517 444.54 53 227.32 0 
1518 209.23 140 153.45 0 
1519 384.31 87 202.19 0 
1520 369.91 103 196.93 0 
1521 271.35 119 199.02 0 
1522 488.88 23 234.53 0 
1523 516.13 28 317.2 0 
1524 433.53 77 232.37 0 
1525 282.35 129 202.51 0 
1526 336.12 93 182.86 0 
1527 163.17 81 79.07 0 
1528 308.09 113 156.79 0 
1529 143.53 127 74.5 0 
1530 363.66 71 229.78 0 
1531 357.22 104 220.24 0 
1532 286.59 39 181.59 0 
1533 328.49 103 166.79 0 
1534 432.01 80 220.28 0 
1535 259.17 136 189.95 0 
1536 431.86 76 229.31 0 
1537 436.26 83 221.77 0 
1538 185.86 90 136.29 0 
1539 211.3 154 122.65 0 
1540 394.47 93 197.77 0 
1541 544.51 17 321.97 0 
1542 561.31 45 293.28 0 
1543 206.14 148 168.67 0 
1544 388.39 82 197.72 0 
1545 165.12 106 80.29 0 
1546 481.46 19 284.11 0 
1547 519.75 63 285.77 0 
1548 432.12 71 263.77 0 
1549 288.14 132 149.48 0 
1550 119.56 149 60.7 0 
1551 359.94 86 185.55 0 
1552 386.27 93 261.55 0 
1553 585.99 51 334.44 0 
1554 328.93 130 255.69 0 
1555 376.66 103 192.43 0 
1556 283.11 62 137.47 0 
1557 616.01 37 380.26 0 
1558 348.81 105 176.62 0 
1559 515.78 61 308.39 0 
1560 613.8 2 370.57 0 
1561 376.39 108 219.8 0 
1562 209.81 93 104.57 0 
1563 355.47 101 233.35 0 
1564 326.26 130 186.57 0 
1565 398.15 96 214.05 0 
1566 176.86 163 152.11 0 
1567 387.39 80 215.51 0 
1568 252.35 124 126.66 0 
1569 490.19 79 329.5 0 
1570 340.2 93 171.6 0 
1571 370.4 86 200.29 0 
1572 323.21 121 168.41 0 
1573 359.92 125 278.06 0 
1574 223.74 134 115.17 0 
1575 393.68 111 224.8 0 
1576 147.5 120 72.75 0 
1577 527.37 72 343.76 0 
1578 141.94 130 70.0 0 
1579 275.23 137 150.77 0 
1580 179.35 149 143.29 0 
1581 424.82 69 220.37 0 
1582 353.85 118 194.4 0 
1583 138.44 140 68.47 0 
1584 237.38 170 183.95 0 
1585 421.22 61 207.28 0 
1586 226.07 149 114.18 0 
1587 568.59 52 358.94 0 
1588 304.09 108 160.09 0 
1589 446.04 95 288.64 0 
1590 443.51 107 230.84 0 
1591 181.89 161 94.0 0 
1592 433.43 70 284.34 0 
1593 188.66 167 101.11 0 
1594 430.09 81 226.33 0 
1595 506.39 77 317.47 0 
1596 359.01 84 177.91 0 
1597 112.35 131 56.2 0 
1598 228.15 149 164.47 0 
1599 222.84 140 119.67 0 
1600 212.32 83 100.84 0 
1601 217.98 162 118.14 0 
1602 504.68 47 329.18 0 
1603 523.33 69 310.41 0 
1604 375.4 122 286.05 0 
1605 225.26 140 116.66 0 
1606 524.24 29 301.94 0 
1607 183.06 154 100.59 0 
1608 370.62 114 230.33 0 
1609 302.79 118 214.28 0 
1610 460.78 85 267.55 0 
1611 222.4 83 107.57 0 
1612 219.75 147 159.69 0 
1613 228.02 161 119.67 0 
1614 126.46 136 63.71 0 
1615 455.93 67 233.86 0 
1616 184.13 113 138.09 0 
1617 253.98 149 132.96 0 
1618 200.87 98 97.85 0 
1619 195.96 162 113.0 0 
1620 167.95 161 89.8 0 
1621 334.63 106 227.61 0 
1622 380.09 96 213.28 0 
1623 258.23 139 146.04 0 
1624 287.47 10 182.54 0 
1625 395.36 96 214.03 0 
1626 532.26 54 357.73 0 
1627 356.87 118 210.76 0 
1628 313.44 114 165.83 0 
1629 210.6 85 150.18 0 
1630 420.16 95 223.29 0 
1631 307.07 105 158.64 0 
1632 206.16 162 106.33 0 
1633 279.02 135 154.81 0 
1634 96.32 182 53.18 0 
1635 209.25 166 183.95 0 
1636 550.54 1 282.09 4 
1637 394.27 77 247.64 0 
1638 251.12 154 127.71 0 
1639 334.95 140 187.21 0 
1640 502.28 42 307.77 0 
1641 334.22 98 171.81 0 
1642 251.4 115 124.18 0 
1643 352.04 129 259.57 0 
1644 393.49 81 206.75 0 
1645 157.12 129 79.26 0 
1646 248.14 129 173.92 0 
1647 231.83 75 114.4 0 
1648 410.34 88 241.19 0 
1649 228.87 127 113.68 0 
1650 210.97 66 147.7 0 
1651 452.24 73 238.38 0 
1652 222.96 129 112.14 0 
1653 315.35 127 210.81 0 
1654 206.35 156 110.9 0 
1655 407.64 100 232.6 0 
1656 447.26 87 299.99 0 
1657 512.14 74 288.8 0 
1658 146.42 151 124.72 0 
1659 143.81 98 69.67 0 
1660 237.3 156 122.65 0 
1661 140.54 129 71.55 0 
1662 144.28 119 72.5 0 
1663 373.06 134 259.71 0 
1664 620.88 0 330.7 1 
1665 387.51 89 258.96 0 
1666 328.49 142 172.09 0 
1667 218.6 151 111.63 0 
1668 321.56 104 165.6 0 
1669 323.68 105 207.47 0 
1670 365.29 89 199.7 0 
1671 469.39 76 276.89 0 
1672 160.33 181 88.08 0 
1673 313.69 128 211.95 0 
1674 160.09 105 79.73 0 
1675 550.57 42 300.4 0 
1676 352.03 93 250.05 0 
1677 393.25 100 211.23 0 
1678 135.48 190 71.45 0 
1679 421.89 73 283.89 0 
1680 615.1 0 334.96 2 
1681 367.24 85 188.61 0 
1682 464.06 57 245.92 0 
1683 184.1 173 150.0 0 
1684 221.35 163 116.55 0 
1685 304.37 118 155.16 0 
1686 548.84 8 322.34 0 
1687 611.73 0 299.87 2 
1688 521.85 49 328.09 0 
1689 267.72 149 148.18 0 
1690 194.72 157 98.27 0 
1691 487.09 73 334.23 0 
1692 202.21 153 112.05 0 
1693 241.63 64 115.81 0 
1694 168.74 127 82.22 0 
1695 323.62 109 208.51 0 
1696 304.46 92 161.2 0 
1697 161.41 142 82.17 0 
1698 565.87 16 356.68 0 
1699 291.37 123 163.17 0 
1700 422.51 69 278.71 0 
1701 215.39 161 133.2 0 
1702 359.37 108 208.1 0 
1703 527.88 13 314.31 0 
1704 356.62 85 181.99 0 
1705 315.34 123 162.52 0 
1706 232.62 79 162.02 0 
1707 355.89 98 200.02 0 
1708 538.57 6 314.23 0 
1709 440.87 103 254.91 0 
1710 545.51 70 368.74 0 
1711 272.88 127 156.38 0 
1712 510.26 11 257.93 0 
1713 407.34 77 257.32 0 
1714 138.04 175 75.96 0 
1715 285.38 113 144.58 0 
1716 196.8 109 95.46 0 
1717 659.03 0 426.64 2 
1718 510.27 69 337.58 0 
1719 132.93 186 73.89 0 
1720 359.35 106 178.96 0 
1721 465.76 98 342.16 0 
1722 292.06 53 141.83 0 
1723 229.01 126 128.84 0 
1724 504.33 41 317.95 0 
1725 189.04 77 89.73 0 
1726 336.31 102 180.74 0 
1727 483.23 41 289.95 0 
1728 204.91 138 104.28 0 
1729 368.03 97 190.77 0 
1730 170.88 116 131.64 0 
1731 254.44 141 135.58 0 
1732 501.11 12 241.14 0 
1733 250.74 100 178.42 0 
1734 206.27 96 99.24 0 
1735 583.44 8 299.91 0 
1736 294.63 120 212.71 0 
1737 239.26 75 113.31 0 
1738 191.77 74 90.72 0 
1739 367.57 103 201.26 0 
1740 198.33 91 142.58 0 
1741 588.32 16 323.91 0 
1742 469.34 49 302.19 0 
1743 497.3 35 254.93 0 
1744 465.63 79 287.09 0 
1745 482.83 28 242.62 0 
1746 477.35 80 306.63 0 
1747 239.4 148 125.47 0 
1748 447.61 68 310.07 0 
1749 328.59 120 176.47 0 
1750 378.47 84 208.06 0 
1751 208.1 145 107.16 0 
1752 374.06 99 255.33 0 
1753 149.02 126 74.18 0 
1754 584.34 53 380.37 0 
1755 281.47 146 155.38 0 
1756 263.45 146 135.85 0 
1757 319.02 121 217.04 0 
1758 402.2 73 196.86 0 
1759 457.88 40 226.02 0 
1760 444.91 88 300.5 0 
1761 495.33 94 287.93 0 
1762 455.4 67 299.64 0 
1763 402.99 92 204.55 0 
1764 471.78 66 295.86 0 
1765 336.12 103 170.92 0 
1766 588.28 41 373.53 0 
1767 528.04 51 289.24 0 
1768 125.6 141 66.13 0 
1769 199.84 162 148.97 0 
1770 284.15 53 135.78 0 
1771 510.14 65 267.09 0 
1772 515.6 44 299.13 0 
1773 479.84 76 236.86 0 
1774 539.64 26 332.22 0 
1775 238.13 109 120.78 0 
1776 178.66 153 91.19 0 
1777 504.49 90 347.76 0 
1778 469.69 61 259.4 0 
1779 232.35 154 193.86 0 
1780 540.93 41 284.96 0 
1781 433.36 87 313.24 0 
1782 466.63 72 246.36 0 
1783 372.09 98 241.72 0 
1784 273.57 114 141.53 0 
1785 209.48 153 130.89 0 
1786 251.65 125 134.83 0 
1787 349.17 96 218.53 0 
1788 232.4 149 129.8 0 
1789 472.4 45 298.2 0 
1790 272.0 151 142.32 0 
1791 465.38 82 253.86 0 
1792 199.28 111 97.21 0 
1793 469.91 81 316.96 0 
1794 269.67 134 143.08 0 
1795 297.96 144 241.99 0 
1796 282.81 146 146.8 0 
1797 427.84 90 247.98 0 
1798 260.9 142 197.87 0 
1799 459.95 71 247.17 0 
1800 379.16 91 259.31 0 
1801 507.41 73 272.18 0 
1802 434.01 84 283.85 0 
1803 403.79 112 230.1 0 
1804 176.18 122 86.73 0 
1805 159.71 135 78.39 0 
1806 355.68 114 249.62 0 
1807 293.6 121 204.27 0 
1808 230.83 78 119.8 0 
1809 340.76 93 216.97 0 
1810 356.38 105 200.51 0 
1811 288.8 126 151.34 0 
1812 172.88 109 132.06 0 
1813 185.69 140 97.95 0 
1814 297.07 17 138.83 0 
1815 183.38 88 88.17 0 
1816 213.48 168 117.28 0 
1817 212.3 129 152.85 0 
1818 262.42 149 136.33 0 
1819 241.28 114 119.27 0 
1820 429.84 69 282.09 0 
1821 449.81 77 242.46 0 
1822 231.91 159 127.06 0 
1823 233.29 86 159.29 0 
1824 318.94 113 163.35 0 
1825 563.54 0 290.07 7 
1826 541.56 42 336.98 0 
1827 357.71 124 209.79 0 
1828 374.0 128 280.58 0 
1829 279.3 128 153.39 0 
1830 236.73 64 118.28 0 
1831 441.6 71 280.97 0 
1832 222.23 67 104.48 0 
1833 440.86 108 301.65 0 
1834 153.65 155 76.26 0 
1835 478.54 70 263.46 0 
1836 350.01 134 252.82 0 
1837 364.1 97 189.99 0 
1838 264.79 127 153.11 0 
1839 400.54 99 258.02 0 
1840 562.78 72 329.38 0 
1841 242.48 107 123.39 0 
1842 153.73 184 96.67 0 
1843 213.49 88 107.47 0 
1844 314.65 99 154.15 0 
1845 272.41 135 211.28 0 
1846 328.54 110 180.47 0 
1847 351.68 76 172.17 0 
1848 387.24 82 271.56 0 
1849 401.0 66 248.95 0 
1850 434.6 100 274.37 0 
1851 369.22 101 192.93 0 
1852 558.08 36 323.34 0 
1853 439.84 54 227.35 0 
1854 415.69 71 259.49 0 
1855 331.6 93 166.16 0 
1856 340.85 112 215.79 0 
1857 406.28 111 289.88 0 
1858 598.07 15 327.65 0 
1859 172.39 157 135.02 0 
1860 358.67 119 200.0 0 
1861 463.44 91 315.28 0 
1862 382.12 81 202.02 0 
1863 576.63 0 292.79 1 
1864 360.58 97 234.12 0 
1865 211.81 67 101.47 0 
1866 327.58 92 173.67 0 
1867 170.0 91 128.46 0 
1868 140.58 136 71.84 0 
1869 350.25 72 171.8 0 
1870 352.19 117 192.76 0 
1871 279.1 113 192.85 0 
1872 198.05 149 105.97 0 
1873 428.7 117 247.15 0 
1874 346.0 93 226.8 0 
1875 580.65 0 291.31 1 
1876 436.76 83 289.46 0 
1877 400.4 95 226.45 0 
1878 362.26 103 261.38 0 
1879 207.25 62 97.43 0 
1880 512.49 42 247.36 0 
1881 293.86 132 201.29 0 
1882 337.45 94 183.6 0 
1883 332.08 122 173.42 0 
1884 193.7 156 114.25 0 
1885 705.16 10 449.98 0 
1886 372.83 70 241.52 0 
1887 374.47 119 217.79 0 
1888 300.89 34 139.07 0 
1889 396.68 89 275.94 0 
1890 516.03 73 296.77 0 
1891 557.03 82 366.75 0 
1892 509.11 37 271.66 0 
1893 289.66 65 187.85 0 
1894 269.79 133 156.49 0 
1895 369.26 58 183.97 0 
1896 272.07 149 204.04 0 
1897 327.01 116 175.09 0 
1898 495.2 85 328.44 0 
1899 666.91 27 364.23 0 
1900 251.23 164 189.31 0 
1901 403.25 80 218.47 0 
1902 367.87 99 198.01 0 
1903 345.67 134 222.16 0 
1904 353.61 110 179.16 0 
1905 475.39 90 322.0 0 
1906 224.67 129 126.81 0 
1907 421.93 71 222.33 0 
1908 413.19 86 289.52 0 
1909 768.79 15 492.79 0 
1910 280.47 139 145.87 0 
1911 246.03 133 138.21 0 
1912 263.51 117 127.03 0 
1913 261.69 147 182.48 0 
1914 446.2 62 217.04 0 
1915 315.41 134 177.65 0 
1916 408.03 96 270.06 0 
1917 328.13 114 169.06 0 
1918 571.93 18 360.53 0 
1919 218.45 87 105.45 0 
1920 300.57 114 183.19 0 
1921 596.3 47 371.17 0 
1922 352.95 90 219.29 0 
1923 684.35 0 425.94 1 
1924 376.71 115 249.75 0 
1925 348.41 110 174.89 0 
1926 429.06 61 243.84 0 
1927 558.54 53 330.72 0 
1928 268.14 97 139.53 0 
1929 154.84 150 82.04 0 
1930 575.81 46 374.85 0 
1931 589.17 2 355.48 0 
1932 187.04 170 100.94 0 
1933 470.56 75 265.95 0 
1934 436.4 86 292.24 0 
1935 329.34 96 174.19 0 
1936 354.89 98 223.4 0 
1937 149.25 102 73.1 0 
1938 313.99 114 169.86 0 
1939 489.26 64 336.29 0 
1940 423.56 93 228.55 0 
1941 332.88 113 170.8 0 
1942 197.48 179 165.74 0 
1943 448.83 95 262.19 0 
1944 545.77 71 360.36 0 
1945 299.18 100 147.6 0 
1946 474.82 53 231.83 0 
1947 213.9 174 174.43 0 
1948 321.94 127 160.15 0 
1949 524.49 74 330.2 0 
1950 339.11 0 155.34 2 
1951 240.51 143 135.41 0 
1952 165.86 174 111.95 0 
1953 257.64 161 215.06 0 
1954 592.43 12 296.77 0 
1955 484.34 68 328.66 0 
1956 660.84 39 362.47 0 
1957 269.41 156 193.51 0 
1958 434.25 66 224.31 0 
1959 469.62 75 328.96 0 
1960 227.46 151 122.76 0 
1961 438.22 99 241.25 0 
1962 580.87 10 339.73 0 
1963 169.33 94 80.58 0 
1964 632.27 15 398.37 0 
1965 525.73 45 282.59 0 
1966 284.78 140 227.94 0 
1967 548.65 41 278.46 0 
1968 238.28 139 178.46 0 
1969 543.38 71 321.35 0 
1970 366.99 127 248.01 0 
1971 173.37 173 94.87 0 
1972 207.02 162 108.45 0 
1973 540.61 22 339.73 0 
1974 273.88 112 136.01 0 
1975 484.14 60 250.88 0 
1976 261.76 136 179.11 0 
1977 282.61 148 170.54 0 
1978 549.51 52 300.28 0 
1979 260.83 84 175.66 0 
1980 766.44 31 498.52 0 
1981 481.1 66 266.82 0 
1982 331.54 133 197.19 0 
1983 206.53 158 168.99 0 
1984 470.52 101 279.47 0 
1985 436.82 95 302.12 0 
1986 429.77 71 230.25 0 
1987 252.83 149 137.74 0 
1988 137.05 138 116.61 0 
1989 357.69 91 176.79 0 
1990 220.53 169 125.28 0 
1991 102.14 144 51.97 0 
1992 422.99 77 271.42 0 
1993 398.33 95 227.78 0 
1994 308.72 128 159.63 0 
1995 222.16 158 172.26 0 
1996 416.45 73 227.82 0 
1997 250.4 153 143.78 0 
1998 287.54 121 200.08 0 
1999 563.02 56 296.76 0 
2000 330.69 121 226.92 0 
2001 544.46 87 313.31 0 
2002 500.96 74 326.24 0 
2003 359.51 129 222.59 0 
2004 125.78 191 76.37 0 
2005 541.77 40 328.96 0 
2006 258.05 137 143.3 0 
2007 310.3 134 229.82 0 
2008 299.18 142 164.87 0 
2009 398.59 98 222.46 0 
2010 151.12 133 76.87 0 
2011 249.75 126 176.37 0 
2012 206.26 152 106.94 0 
2013 147.52 178 77.78 0 
2014 321.62 113 172.17 0 
2015 380.19 121 275.82 0 
2016 333.98 97 171.93 0 
2017 308.9 140 228.16 0 
2018 355.04 119 199.96 0 
2019 417.49 84 234.33 0 
2020 490.4 88 357.06 0 
2021 400.31 97 221.49 0 
2022 550.92 60 364.68 0 
2023 294.91 133 165.88 0 
2024 454.64 99 320.44 0 
2025 355.21 114 181.34 0 
2026 154.92 158 79.89 0 
2027 303.66 120 209.87 0 
2028 198.63 159 107.71 0 
2029 184.97 109 90.66 0 
2030 187.26 181 134.57 0 
2031 253.37 137 174.34 0 
2032 260.86 144 152.09 0 
2033 402.92 70 217.28 0 
2034 534.26 47 352.15 0 
2035 350.15 113 197.49 0 
2036 237.41 151 169.55 0 
2037 246.76 132 135.68 0 
2038 119.19 153 71.11 0 
2039 152.25 158 77.62 0 
2040 235.55 152 122.03 0 
2041 275.53 125 198.55 0 
2042 136.14 144 67.08 0 
2043 416.47 113 251.63 0 
2044 371.09 120 269.54 0 
2045 206.16 157 112.23 0 
2046 437.04 79 259.97 0 
2047 292.13 126 216.41 0 
2048 297.24 112 151.32 0 
2049 104.91 150 53.44 0 
2050 480.04 76 312.71 0 
2051 427.84 100 247.02 0 
2052 585.39 47 388.14 0 
2053 349.41 127 234.6 0 
2054 366.73 109 263.41 0 
2055 309.35 116 183.72 0 
2056 197.52 155 101.73 0 
2057 245.08 84 116.47 0 
2058 338.0 95 216.52 0 
2059 345.9 100 204.49 0 
2060 330.51 116 169.39 0 
2061 262.6 134 192.42 0 
2062 446.41 93 272.34 0 
2063 397.59 81 304.45 0 
2064 333.74 121 180.91 0 
2065 173.59 157 91.22 0 
2066 255.73 129 180.57 0 
2067 486.15 76 295.25 0 
2068 375.34 124 287.11 0 
2069 454.47 98 251.38 0 
2070 372.13 108 190.21 0 
2071 370.25 113 247.52 0 
2072 528.82 55 289.82 0 
2073 320.31 114 229.58 0 
2074 186.13 171 138.03 0 
2075 390.44 109 219.44 0 
2076 548.36 62 382.91 0 
2077 397.79 101 275.46 0 
2078 417.34 90 241.86 0 
2079 521.41 51 335.52 0 
2080 359.04 98 182.73 0 
2081 353.86 129 210.66 0 
2082 476.16 81 324.27 0 
2083 243.34 141 133.08 0 
2084 434.15 81 297.9 0 
2085 513.69 94 317.1 0 
2086 354.06 118 259.77 0 
2087 500.3 57 284.92 0 
2088 492.98 36 287.69 0 
2089 199.99 116 98.21 0 
2090 234.32 140 115.24 0 
2091 420.6 97 271.83 0 
2092 380.43 98 200.8 0 
2093 278.58 152 153.77 0 
2094 189.79 163 109.77 0 
2095 184.24 142 161.99 0 
2096 229.07 172 123.26 0 
2097 238.45 88 113.73 0 
2098 430.9 81 283.86 0 
2099 99.96 178 54.57 0 
2100 582.77 53 325.37 0 
2101 341.31 119 246.11 0 
2102 277.79 139 173.18 0 
2103 189.32 164 112.2 0 
2104 591.39 34 375.11 0 
2105 155.36 156 85.7 0 
2106 270.25 92 137.45 0 
2107 347.5 100 229.63 0 
2108 272.62 126 161.61 0 
2109 481.12 74 341.3 0 
2110 439.22 115 292.25 0 
2111 477.97 32 289.78 0 
2112 495.72 84 288.65 0 
2113 295.31 49 141.32 0 
2114 349.71 122 247.18 0 
2115 432.0 58 218.55 0 
2116 161.6 110 79.18 0 
2117 627.33 40 416.0 0 
2118 365.72 104 237.82 0 
2119 222.52 101 109.02 0 
2120 444.55 57 225.39 0 
2121 351.95 112 240.89 0 
2122 367.36 115 220.03 0 
2123 567.91 23 355.92 0 
2124 427.79 95 267.34 0 
2125 607.94 42 386.57 0 
2126 514.25 47 303.74 0 
2127 155.55 151 80.52 0 
2128 358.07 115 247.24 0 
2129 449.44 105 269.74 0 
2130 213.07 170 171.16 0 
2131 281.48 122 169.8 0 
2132 401.04 93 228.53 0 
2133 319.65 108 210.85 0 
2134 547.63 45 287.47 0 
2135 204.05 107 98.71 0 
2136 126.75 148 112.48 0 
2137 432.16 66 219.27 0 
2138 335.58 125 197.34 0 
2139 408.38 95 291.0 0 
2140 208.64 128 110.12 0 
2141 331.7 121 184.43 0 
2142 497.28 110 373.09 0 
2143 420.83 98 286.6 0 
2144 159.51 158 84.17 0 
2145 347.68 92 185.31 0 
2146 523.66 57 339.58 0 
2147 303.12 127 172.89 0 
2148 302.66 133 160.13 0 
2149 299.2 147 222.39 0 
2150 356.12 93 188.67 0 
2151 167.52 151 86.28 0 
2152 191.36 111 97.71 0 
2153 513.82 51 338.6 0 
2154 353.34 116 211.28 0 
2155 351.99 105 241.03 0 
2156 465.29 55 236.37 0 
2157 274.03 77 130.29 0 
2158 235.07 151 166.81 0 
2159 421.72 88 222.59 0 
2160 283.32 133 161.64 0 
2161 452.52 49 294.63 0 
2162 245.94 153 142.56 0 
2163 377.74 82 244.29 0 
2164 163.25 120 79.26 0 
2165 373.41 111 209.24 0 
2166 363.83 101 269.17 0 
2167 411.42 60 204.48 0 
2168 268.36 130 139.06 0 
2169 137.23 115 67.61 0 
2170 226.47 158 219.35 0 
2171 288.82 102 141.54 0 
2172 464.13 65 244.13 0 
2173 364.43 111 247.78 0 
2174 387.5 103 209.76 0 
2175 407.39 93 264.86 0 
2176 253.16 131 152.59 0 
2177 223.54 70 109.19 0 
2178 155.36 181 82.18 0 
2179 264.27 74 177.58 0 
2180 218.37 57 106.23 0 
2181 342.32 99 175.13 0 
2182 486.47 72 336.12 0 
2183 345.42 93 177.95 0 
2184 252.13 118 125.53 0 
2185 251.91 116 173.64 0 
2186 219.64 145 111.49 0 
2187 611.42 0 343.61 2 
2188 406.74 105 288.85 0 
2189 349.98 103 187.66 0 
2190 315.98 148 246.2 0 
2191 448.3 51 220.19 0 
2192 399.36 95 214.15 0 
2193 329.92 113 215.66 0 
2194 384.0 90 230.6 0 
2195 532.15 57 371.38 0 
2196 300.95 129 183.69 0 
2197 552.7 52 367.17 0 
2198 289.92 142 161.07 0 
2199 659.55 1 398.59 0 
2200 354.31 94 176.35 0 
2201 356.31 109 232.11 0 
2202 374.89 81 203.43 0 
2203 329.06 116 175.15 0 
2204 384.67 111 276.66 0 
2205 233.92 93 113.01 0 
2206 281.68 122 156.35 0 
2207 406.42 95 279.83 0 
2208 323.42 100 174.9 0 
2209 144.81 142 74.89 0 
2210 346.79 82 237.63 0 
2211 199.24 137 105.92 0 
2212 611.92 0 318.11 1 
2213 199.95 96 151.27 0 
2214 483.63 42 256.94 0 
2215 280.42 37 133.01 0 
2216 383.12 97 248.33 0 
2217 428.04 80 216.41 0 
2218 161.61 122 83.19 0 
2219 446.66 69 284.57 0 
2220 357.0 93 195.48 0 
2221 348.25 92 176.58 0 
2222 327.37 103 216.88 0 
2223 319.32 108 169.39 0 
2224 253.53 134 132.29 0 
2225 296.4 126 196.26 0 
2226 591.56 36 349.18 0 
2227 381.46 85 259.29 0 
2228 515.02 34 276.9 0 
2229 277.84 110 199.03 0 
2230 576.44 70 339.56 0 
2231 243.99 143 179.78 0 
2232 323.34 124 164.88 0 
2233 506.37 55 265.2 0 
2234 381.24 111 273.47 0 
2235 249.06 119 143.58 0 
2236 337.5 116 185.17 0 
2237 445.0 82 297.09 0 
2238 517.19 36 283.28 0 
2239 256.14 124 187.9 0 
2240 528.5 68 321.57 0 
2241 341.48 111 240.36 0 
2242 376.3 98 210.35 0 
2243 400.48 97 289.35 0 
2244 327.47 103 172.19 0 
2245 479.11 78 249.63 0 
2246 144.58 111 121.19 0 
2247 398.46 112 251.92 0 
2248 150.88 174 85.15 0 
2249 344.2 95 230.23 0 
2250 222.62 136 111.46 0 
2251 375.2 74 188.13 0 
2252 203.81 82 106.22 0 
2253 189.45 116 141.31 0 
2254 503.33 50 278.99 0 
2255 212.54 151 117.42 0 
2256 464.99 71 312.93 0 
2257 189.56 88 89.94 0 
2258 418.02 91 233.31 0 
2259 338.44 18 208.87 0 
2260 150.88 165 77.62 0 
2261 276.81 154 154.05 0 
2262 230.66 143 118.27 0 
2263 493.07 64 332.46 0 
2264 592.7 49 398.55 0 
2265 670.27 5 377.71 0 
2266 305.18 107 212.28 0 
2267 432.05 65 219.25 0 
2268 254.44 138 141.24 0 
2269 272.35 120 193.98 0 
2270 466.27 23 227.56 0 
2271 291.78 100 200.5 0 
2272 524.03 45 280.23 0 
2273 442.91 81 287.76 0 
2274 249.52 59 118.29 0 
2275 322.14 111 172.0 0 
2276 480.46 55 329.06 0 
2277 400.64 85 209.36 0 
2278 522.74 74 358.95 0 
2279 251.86 81 120.53 0 
2280 678.01 0 448.79 1 
2281 307.48 114 172.19 0 
2282 385.68 10 191.64 0 
2283 446.01 52 288.25 0 
2284 518.44 20 272.38 0 
2285 444.16 78 294.3 0 
2286 317.92 121 175.03 0 
2287 362.58 108 242.6 0 
2288 149.74 173 89.87 0 
2289 297.33 142 203.59 0 
2290 438.17 48 266.48 0 
2291 490.77 55 248.68 0 
2292 395.39 105 227.4 0 
2293 408.69 105 287.83 0 
2294 168.56 149 85.2 0 
2295 549.41 37 359.63 0 
2296 416.59 87 219.67 0 
2297 439.88 61 267.9 0 
2298 348.45 100 182.82 0 
2299 252.41 74 119.79 0 
2300 517.95 54 314.58 0 
2301 455.72 101 272.28 0 
2302 362.95 81 256.35 0 
2303 453.15 80 257.73 0 
2304 345.07 100 198.56 0 
2305 334.53 101 219.87 0 
2306 340.18 129 190.73 0 
2307 403.22 87 288.25 0 
2308 638.69 28 364.16 0 
2309 507.05 39 331.07 0 
2310 541.72 64 367.23 0 
2311 254.68 78 120.46 0 
2312 218.54 145 108.45 0 
2313 270.04 129 151.18 0 
2314 401.69 116 331.29 0 
2315 432.73 77 236.91 0 
2316 140.1 161 76.11 0 
2317 214.46 85 151.92 0 
2318 516.69 28 265.48 0 
2319 236.88 132 125.6 0 
2320 517.67 50 323.34 0 
2321 394.58 93 212.11 0 
2322 334.47 121 241.88 0 
2323 383.57 101 230.68 0 
2324 536.86 60 356.58 0 
2325 219.21 90 112.3 0 
2326 417.51 67 238.73 0 
2327 451.92 66 276.59 0 
2328 412.83 85 249.97 0 
2329 391.75 102 259.92 0 
2330 474.65 57 254.45 0 
2331 231.71 101 164.57 0 
2332 426.35 47 227.19 0 
2333 403.04 95 225.93 0 
2334 205.47 160 155.29 0 
2335 521.31 38 267.59 0 
2336 268.07 136 139.16 0 
2337 621.85 15 374.49 0 
2338 358.14 94 197.32 0 
2339 504.63 62 352.53 0 
2340 479.24 25 235.23 0 
2341 293.87 129 231.02 0 
2342 412.52 76 224.36 0 
2343 278.49 119 185.63 0 
2344 403.3 102 203.2 0 
2345 492.09 72 282.37 0 
2346 390.61 79 257.77 0 
2347 454.61 73 230.18 0 
2348 261.16 81 177.52 0 
2349 141.33 140 72.64 0 
2350 414.68 71 243.46 0 
2351 318.79 110 216.91 0 
2352 531.55 57 327.29 0 
2353 239.48 113 118.01 0 
2354 308.64 108 221.67 0 
2355 547.29 1 289.35 0 
2356 230.17 168 188.49 0 
2357 179.6 92 88.94 0 
2358 117.82 137 61.86 0 
2359 467.57 49 257.26 0 
2360 646.82 7 414.19 0 
2361 296.78 50 147.35 0 
2362 389.71 92 255.93 0 
2363 510.88 52 259.77 0 
2364 277.62 156 206.4 0 
2365 303.43 44 145.1 0 
2366 190.4 107 93.7 0 
2367 403.96 81 225.69 0 
2368 527.44 67 362.64 0 
2369 308.11 121 161.86 0 
2370 148.35 156 123.21 0 
2371 411.37 105 246.47 0 
2372 534.21 19 327.23 0 
2373 415.17 64 217.16 0 
2374 463.33 60 260.55 0 
2375 261.87 69 174.47 0 
2376 378.72 117 224.18 0 
2377 410.14 74 274.04 0 
2378 358.51 111 202.31 0 
2379 401.42 92 232.9 0 
2380 690.01 0 411.34 3 
2381 555.01 53 330.94 0 
2382 270.57 117 142.95 0 
2383 238.92 138 129.8 0 
2384 634.25 0 378.19 1 
2385 168.9 140 94.21 0 
2386 407.25 0 197.33 1 
2387 439.94 75 282.86 0 
2388 204.32 122 101.21 0 
2389 290.74 134 149.87 0 
2390 523.99 50 350.59 0 
2391 282.02 107 139.02 0 
2392 391.7 108 280.65 0 
2393 398.36 84 210.81 0 
2394 354.25 113 182.91 0 
2395 457.33 76 290.37 0 
2396 384.72 82 197.32 0 
2397 410.96 74 293.31 0 
2398 338.68 110 184.23 0 
2399 529.04 73 359.55 0 
2400 308.66 125 158.17 0 
2401 547.47 76 353.03 0 
2402 401.96 111 239.92 0 
2403 610.3 31 380.67 0 
2404 399.61 90 236.41 0 
2405 278.81 66 132.28 0 
2406 287.2 124 193.26 0 
2407 440.68 66 227.67 0 
2408 275.05 132 195.12 0 
2409 608.4 13 332.26 0 
2410 348.07 100 234.26 0 
2411 195.18 102 94.12 0 
2412 265.36 85 130.09 0 
2413 396.67 66 204.29 0 
2414 185.06 181 159.49 0 
2415 479.9 53 253.99 0 
2416 109.84 190 60.55 0 
2417 251.76 93 133.31 0 
2418 352.57 97 233.67 0 
2419 505.82 34 254.66 0 
2420 469.52 26 283.54 0 
2421 628.78 1 316.16 0 
2422 253.12 120 185.24 0 
2423 255.23 153 131.84 0 
2424 465.04 57 278.34 0 
2425 256.58 121 175.18 0 
2426 399.81 94 230.69 0 
2427 556.9 8 351.62 0 
2428 527.74 66 329.05 0 
2429 421.25 71 273.03 0 
2430 338.78 121 189.94 0 
2431 208.38 146 113.02 0 
2432 535.92 23 318.8 0 
2433 639.63 41 420.66 0 
2434 284.65 47 134.84 0 
2435 294.67 136 177.2 0 
2436 306.22 75 201.14 0 
2437 318.29 118 184.0 0 
2438 396.09 66 198.83 0 
2439 225.88 156 171.48 0 
2440 176.67 130 89.64 0 
2441 488.75 84 280.48 0 
2442 637.73 0 374.93 3 
2443 387.23 51 188.72 0 
2444 272.21 80 132.82 0 
2445 373.69 116 253.63 0 
2446 560.77 8 309.43 0 
2447 338.29 90 236.07 0 
2448 448.42 109 245.65 0 
2449 242.59 75 163.76 0 
2450 186.43 114 92.92 0 
2451 419.5 63 224.57 0 
2452 547.55 48 355.96 0 
2453 144.21 133 71.33 0 
2454 391.24 108 239.41 0 
2455 500.74 69 341.48 0 
2456 215.1 155 108.24 0 
2457 309.81 136 161.16 0 
2458 344.89 95 231.55 0 
2459 236.33 68 111.99 0 
2460 415.8 89 298.29 0 
2461 304.67 98 155.13 0 
2462 407.1 111 227.43 0 
2463 259.49 94 180.27 0 
2464 239.31 145 124.75 0 
2465 296.02 96 162.9 0 
2466 146.19 126 71.82 0 
2467 343.07 100 261.31 0 
2468 216.54 94 103.2 0 
2469 325.11 109 188.48 0 
2470 139.2 161 71.58 0 
2471 421.05 77 243.37 0 
2472 399.14 53 207.3 0 
2473 358.04 84 238.05 0 
2474 173.63 145 87.46 0 
2475 207.29 122 103.9 0 
2476 198.43 139 100.75 0 
2477 305.7 113 219.58 0 
2478 493.55 87 284.64 0 
2479 153.21 132 75.93 0 
2480 363.77 99 230.5 0 
2481 333.35 114 174.45 0 
2482 500.8 31 314.15 0 
2483 181.5 101 88.2 0 
2484 446.63 58 247.72 0 
2485 247.07 110 128.34 0 
2486 544.29 24 348.58 0 
2487 200.46 158 107.25 0 
2488 478.88 41 308.41 0 
2489 556.53 30 278.09 0 
2490 273.67 152 258.98 0 
2491 310.57 134 166.89 0 
2492 433.91 102 287.01 0 
2493 211.57 64 100.26 0 
2494 334.83 104 175.97 0 
2495 220.3 93 107.01 0 
2496 358.81 140 265.64 0 
2497 238.87 63 112.25 0 
2498 477.24 53 260.77 0 
2499 158.42 148 131.16 0 
2500 205.22 144 105.66 0 
2501 277.46 124 143.57 0 
2502 506.54 59 316.33 0 
2503 492.12 13 249.74 0 
2504 177.2 102 86.17 0 
2505 541.32 85 391.54 0 
2506 362.13 99 198.56 0 
2507 492.74 38 325.01 0 
2508 437.98 88 232.12 0 
2509 200.82 166 100.95 0 
2510 302.88 127 208.32 0 
2511 387.23 102 208.29 0 
2512 409.7 81 260.49 0 
2513 326.95 123 183.48 0 
2514 136.51 122 68.4 0 
2515 460.06 76 294.71 0 
2516 442.86 57 220.13 0 
2517 400.97 99 309.94 0 
2518 296.24 112 166.69 0 
2519 602.32 15 394.09 0 
2520 204.67 105 100.21 0 
2521 322.53 106 165.33 0 
2522 493.53 97 363.59 0 
2523 310.86 135 178.04 0 
2524 156.04 174 84.67 0 
2525 432.07 71 274.14 0 
2526 493.85 58 254.27 0 
2527 404.65 103 259.39 0 
2528 453.89 72 255.53 0 
2529 237.47 66 113.49 0 
2530 557.26 16 347.23 0 
2531 395.27 81 238.15 0 
2532 456.27 68 277.86 0 
2533 266.57 78 129.51 0 
2534 216.12 98 107.21 0 
2535 259.2 88 125.02 0 
2536 250.42 127 179.11 0 
2537 472.43 34 239.69 0 
2538 186.04 90 90.95 0 
2539 373.11 90 240.6 0 
2540 198.09 164 115.03 0 
2541 486.49 42 267.24 0 
2542 456.9 61 284.44 0 
2543 569.19 5 342.62 0 
2544 215.0 147 106.96 0 
2545 259.67 138 145.08 0 
2546 203.66 81 99.94 0 
2547 387.63 111 260.0 0 
2548 270.86 111 142.85 0 
2549 386.48 55 196.06 0 
2550 270.16 145 206.88 0 
2551 150.89 170 79.83 0 
2552 240.66 143 134.31 0 
2553 332.03 100 177.97 0 
2554 351.73 104 247.06 0 
2555 189.06 161 108.99 0 
2556 298.73 111 157.15 0 
2557 186.75 119 91.67 0 
2558 595.86 29 359.65 0 
2559 273.95 66 131.55 0 
2560 512.97 18 301.9 0 
2561 499.39 58 261.27 0 
2562 554.02 21 368.25 0 
2563 484.25 72 280.78 0 
2564 423.56 64 276.09 0 
2565 414.81 62 217.29 0 
2566 452.49 60 289.92 0 
2567 446.06 74 238.13 0 
2568 428.4 91 279.18 0 
2569 193.01 95 93.35 0 
2570 275.87 103 137.26 0 
2571 316.58 129 160.06 0 
2572 482.25 54 297.48 0 
2573 308.55 121 152.38 0 
2574 491.33 44 309.22 0 
2575 519.43 65 301.11 0 
2576 666.31 0 399.97 5 
2577 165.72 154 84.87 0 
2578 231.7 92 111.96 0 
2579 493.76 38 309.76 0 
2580 633.95 31 395.41 0 
2581 572.32 33 330.4 0 
2582 296.84 111 211.99 0 
2583 394.91 91 203.63 0 
2584 264.98 139 131.81 0 
2585 233.14 122 116.0 0 
2586 203.48 114 147.45 0 
2587 578.5 13 298.35 0 
2588 415.15 87 270.85 0 
2589 269.11 78 133.03 0 
2590 304.58 140 159.62 0 
2591 179.21 173 105.62 0 
2592 414.57 101 275.46 0 
2593 295.11 47 141.81 0 
2594 538.09 12 312.41 0 
2595 439.5 41 222.15 0 
2596 562.17 59 375.38 0 
2597 262.2 143 132.79 0 
2598 417.97 69 214.08 0 
2599 639.43 0 381.44 1 
2600 434.19 66 220.54 0 
2601 336.82 129 226.88 0 
2602 401.77 77 215.28 0 
2603 173.54 174 89.64 0 
2604 231.97 109 168.39 0 
2605 582.55 40 322.12 0 
2606 509.04 57 322.34 0 
2607 542.99 66 305.45 0 
2608 510.12 85 327.75 0 
2609 445.09 83 252.97 0 
2610 471.1 81 328.28 0 
2611 240.94 83 115.7 0 
2612 398.89 65 253.78 0 
2613 587.53 7 292.83 0 
2614 540.44 57 348.24 0 
2615 515.8 57 291.29 0 
2616 557.75 86 385.04 0 
2617 319.18 130 176.63 0 
2618 248.95 150 179.62 0 
2619 530.0 45 292.2 0 
2620 393.66 74 245.47 0 
